110000000
000101110
110011110
000101111
100001111
000100001
000111111
100001111
000100010
000111111
001100001
000100011
001100010
000100100
001010011
000100011
110000001
000000100
000100100
111110000
000100101
111111111
001000101
000100101
110000001
001000101
000100101
001110010
000100110
110000000
001000101
001110001
000100111
110000100
000010110
001000111
001100000
001000100
000100100
110000001
000000100
000100100
111001100
000100101
111111111
001000101
000100101
110000001
001000101
000100101
001110010
000100110
110000000
001000101
001110001
000100111
110000010
000010110
001000111
001100000
001000100
000100100
110000001
000000100
000100100
110101010
000100101
111111111
001000101
000100101
110000001
001000101
000100101
001110010
000100110
110000000
001000101
001110001
000100111
110000001
000010110
001000111
001100000
001000100
000100100
110000000
010100011
010010100
110000000
000101010
110000001
000101001
110000000
011001001
110000010
000101010
110000001
000101001
110000000
011001001
110000001
000101010
110000001
000101001
110001000
001110100
000101011
111110111
001110100
000001001
000101001
110000000
010111011
001001001
001010001
000100001
110000000
011001001
001001001
001010010
000100010
110000110
000001010
000101101
110000101
000010010
001001101
000101101
110011110
001110010
000100010
110000011
000000010
000101100
110000101
000010001
000100011
110000001
000000011
001001100
000101100
110001000
001110001
000100001
110000011
000010001
001001100
100011110
000111110
110000000
001001101
100011110
000111110
110011110
010001110
101111111
