110011110
000101111
110000000
000101110
100001110
000100001
000111110
100001110
000100010
000111110
111110000
000100011
111111111
001000011
000100011
110000001
001000011
001110001
001000010
001100000
000101011
110001110
000100011
111111111
001000011
000100011
110000001
001000011
001110001
000100011
110000100
000000010
001000011
001100000
000101010
111101101
001110001
000100011
110000010
001110010
001000011
000100011
110000010
000010010
000100100
110000111
000000100
001000011
001100000
000101001
111011011
001110001
000100011
110000101
001110010
000100100
110000101
000000100
001000011
001100000
000101000
001100001
000100100
001100010
001010100
001011000
001011001
001011010
001011011
000100111
110001110
001110001
000100011
110000100
000000011
000100011
110000001
001110001
000100100
110000011
000000100
001000011
000100011
110000100
000001010
001000011
000100011
110000010
000001001
001000011
000100011
110000001
000001000
001000111
001000011
000101100
110000101
000000010
000100011
111110000
000100110
111111111
001000110
000100110
110000001
001000110
001110001
000100100
110000011
000010100
001000011
001001011
000101101
110000000
001001100
100011111
000111111
110000000
001001101
100011111
000111111
110011110
010001110
101111111
