110100000
000101111
100001111
000101011
110000000
000101111
000101100
000101101
000101110
110000000
000101010
111111100
000101000
110000001
000001000
000101000
100001111
000100001
000111111
100001111
000100010
110000000
000100111
110000000
001001000
001110001
000100011
110000000
001000111
000000011
001011011
000100011
110000000
010100011
110000001
000101010
000111100
000111110
110000001
000011000
000101000
000110111
110000100
010010111
110000000
000100111
110000100
000100101
111000000
000101001
110000001
000001001
000101001
110000000
001001000
001110001
000100011
110000100
001000111
000000011
000100011
110000000
001001001
001110010
000100100
110000000
001000101
000010100
001000011
000100011
001011011
000100011
110000000
011000011
000111110
111111111
000100100
110000001
000000100
000100100
110000001
001000100
001000101
000100101
110000001
000011000
111000000
000100110
110000000
001000111
000010110
001001001
000101001
000110111
110000100
010110111
110000001
011011010
000111101
110000000
000101010
110011111
010001111
110000000
000100111
111111100
000101000
110000001
000001000
000101000
110000000
001001000
001110010
000100011
110000000
001000111
000000011
001011011
000100011
110000000
011110011
110000001
000101010
000111100
000111110
110000001
000011000
000101000
000110111
110000100
011100111
110000000
001001010
001001101
000101101
110100001
000101111
110000000
001001100
100011111
000111111
110000000
001001101
100011111
000111111
110000000
001001110
100011111
101111111
